4 4 4 

-0.748492
-0.994225
-1.74947
-1.883
-1.11946
-0.956367
1.77578
-0.0534789
-0.409384
-0.264388
1.04994
0.0792608
1.5521
-0.226137
1.38431
-1.9992
0.586151
0.908606
-0.942309
-1.13314
0.84887
0.143088
0.534701
1.12701
1.61267
1.64081
1.7395
0.303722
-1.79496
1.28258
0.957434
1.80984
-0.413005
-1.83566
1.78496
-1.4718
0.285151
1.93023
0.00474114
-0.264098
1.93277
-0.528363
-0.502225
-0.401061
1.56732
-1.8067
-1.50146
-0.129736
-0.97243
0.908519
0.82138
-1.7055
-0.0220969
1.33861
1.85856
-0.0193948
-1.28739
-1.00106
1.0434
-0.424235
-0.876249
-0.81984
-1.48046
-0.577346
